"TOA5","CR1000_lautaret","CR1000","E6293","CR1000.Std.25","CPU:lautaret-radiation-station.CR1","49367","Table1"
"TIMESTAMP","RECORD","AirTC_Avg","RH","WS_ms_S_WVT","WindDir_D1_WVT","WindDir_SD1_WVT","SUp_Avg","SDn_Avg","LUp_Avg","LDn_Avg","CNR4TC_Avg","CNR4TK_Avg","LUpCo_Avg","LDnCo_Avg"
"TS","RN","Deg C","%","meters/second","Deg","Deg","W/m^2","W/m^2","W/m^2","W/m^2","Deg C","K","W/m^2","W/m^2"
"","","Avg","Smp","WVc","WVc","WVc","Avg","Avg","Avg","Avg","Avg","Avg","Avg","Avg"
"2021-03-02 12:15:00",0,2.093,27.94,3.68,98.2,0.025,348,718,-9.96,-44.99,3.329,276.5,321.3,286.3
"2021-03-02 12:20:00",1,2.093,32.51,4.238,98.1,0.032,341.1,708.5,-11.56,-51.93,3.319,276.5,319.7,279.3
"2021-03-02 12:25:00",2,2.21,25.84,4.478,98.1,0.023,343,708.6,-11.51,-51.64,3.235,276.4,319.3,279.2
"2021-03-02 12:30:00",3,2.327,27.06,4.775,98.2,0.03,345.4,708.8,-11.68,-51.53,3.144,276.3,318.7,278.9
"2021-03-02 12:35:00",4,2.3,26.3,4.433,98.2,0.046,345.1,709.2,-11.78,-51.48,3.158,276.3,318.7,279
"2021-03-02 12:40:00",5,2.422,20.47,4.848,98.2,0.034,344.5,706.8,-11.72,-51.59,3.207,276.4,319,279.1
"2021-03-02 12:45:00",6,2.479,25.73,4.37,98.2,0.02,342.2,702.2,-11.8,-51.48,3.259,276.4,319.2,279.5
"2021-03-02 12:50:00",7,2.637,25.8,4.582,98.2,0.052,348.4,713.5,-12.06,-51.31,3.353,276.5,319.4,280.1
"2021-03-02 12:55:00",8,2.703,25.1,4.945,98.2,0.023,350.4,718,-12.25,-51.24,3.458,276.6,319.7,280.7
"2021-03-02 13:00:00",9,2.613,30.84,4.158,98.2,0.035,331,678.5,-12.16,-51.08,3.473,276.6,319.8,280.9
"2021-03-02 13:05:00",10,2.62,22.95,4.615,98.2,0.039,328.3,673.1,-12.04,-50.45,3.414,276.6,319.7,281.3
"2021-03-02 13:10:00",11,2.722,25.43,4.805,98.2,0.043,329.5,674.2,-11.93,-49.92,3.367,276.5,319.6,281.6
"2021-03-02 13:15:00",12,2.889,23,5.087,98.2,0.047,313,639.1,-12.12,-49.6,3.411,276.6,319.6,282.1
"2021-03-02 13:20:00",13,3.066,22.33,4.967,98.2,0.043,319.8,651.9,-12.25,-49.26,3.447,276.6,319.6,282.6
"2021-03-02 13:25:00",14,3.163,27.32,5.167,98.2,0.038,311.7,634.6,-12.49,-49.25,3.522,276.7,319.7,283
"2021-03-02 13:30:00",15,3.076,22.57,4.645,98.2,0.037,312.8,637.8,-12.44,-49.16,3.577,276.7,320.1,283.3
"2021-03-02 13:35:00",16,3.28,23.84,4.622,98.2,0.03,281.5,571.6,-12.77,-49.09,3.605,276.8,319.9,283.5
"2021-03-02 13:40:00",17,3.248,27.46,4.705,98.2,0.048,288.9,585.7,-12.52,-48.63,3.524,276.7,319.7,283.6
"2021-03-02 13:45:00",18,3.226,27.58,4.603,98.2,0.051,309.1,628.6,-12.38,-48.24,3.638,276.8,320.4,284.6
"2021-03-02 13:50:00",19,3.305,24.82,4.62,98.2,0.043,269.9,547.8,-12.64,-47.86,3.646,276.8,320.2,285
"2021-03-02 13:55:00",20,3.296,23.71,4.692,98.2,0.043,270.3,547.7,-12.51,-46.99,3.566,276.7,319.9,285.5
"2021-03-02 14:00:00",21,3.337,24.43,4.688,98.2,0.043,240,486.3,-12.61,-46.01,3.503,276.7,319.5,286.1
"2021-03-02 14:05:00",22,3.246,24.52,3.97,98.2,0.043,209.6,423.3,-12.39,-44.8,3.326,276.5,318.9,286.5
"2021-03-02 14:10:00",23,3.386,20.14,4.135,98.2,0.043,155.5,312.3,-12.48,-43.27,3.124,276.3,317.8,287.1
"2021-03-02 14:15:00",24,3.595,20.2,4.363,98.2,0.043,169.2,337.1,-12.39,-41.4,2.962,276.1,317.2,288.2
"2021-03-02 14:20:00",25,3.511,23.33,4.05,98.2,0.043,171.3,343.9,-12.25,-39.88,3.011,276.2,317.5,289.9
"2021-03-02 14:25:00",26,3.326,23.97,3.658,98.2,0.043,161.7,324.3,-12.03,-38.61,2.94,276.1,317.4,290.8
"2021-03-02 14:30:00",27,3.325,24.43,3.445,98.2,0.043,162.3,323.4,-11.79,-37.83,2.89,276,317.4,291.4
"2021-03-02 14:35:00",28,3.516,28.76,3.165,98.2,0.043,164.2,328.1,-11.95,-37.26,2.973,276.1,317.7,292.4
"2021-03-02 14:40:00",29,3.565,26.77,3.518,98.2,0.043,159,320.4,-12.05,-36.98,3.065,276.2,318,293.1
"2021-03-02 14:45:00",30,3.426,31.11,2.98,98.2,0.043,148.6,300.7,-11.94,-37.08,3.044,276.2,318,292.9
"2021-03-02 14:50:00",31,3.266,31.71,2.945,98.2,0.043,137,277.3,-11.67,-37.05,2.884,276,317.5,292.1
"2021-03-02 14:55:00",32,3.241,28.02,2.93,98.2,0.043,128,258.4,-11.6,-36.8,2.77,275.9,317,291.8
"2021-03-02 15:00:00",33,3.344,27.1,3.03,98.2,0.043,121.8,243.8,-11.63,-36.2,2.635,275.8,316.4,291.8
"2021-03-02 15:05:00",34,3.455,28.25,2.728,98.2,0.043,117.9,234.2,-11.7,-35.54,2.613,275.8,316.2,292.3
"2021-03-02 15:10:00",35,3.278,30.6,2.645,98.2,0.043,114.5,226.3,-11.56,-34.84,2.588,275.7,316.2,292.9
"2021-03-02 15:15:00",36,3.11,31.56,3.188,98.2,0.043,112,219.5,-11.28,-34.07,2.42,275.6,315.7,292.9
"2021-03-02 15:20:00",37,3.082,28.94,3.357,98.2,0.043,109.6,213.5,-11.21,-33.48,2.266,275.4,315,292.8
"2021-03-02 15:25:00",38,3.047,29.42,3.502,98.2,0.043,107.1,208.4,-10.93,-32.99,2.172,275.3,314.9,292.8
"2021-03-02 15:30:00",39,3.214,31.82,3.525,98.2,0.023,104.9,203.5,-11.14,-32.62,2.154,275.3,314.6,293.1
"2021-03-02 15:35:00",40,3.23,27.85,3.64,98.2,0.029,101.8,197.3,-11.21,-32.25,2.141,275.3,314.4,293.4
"2021-03-02 15:40:00",41,3.324,25.99,3.118,98.2,0.043,98.7,190.8,-11.3,-32.23,2.171,275.3,314.5,293.6
"2021-03-02 15:45:00",42,3.485,30.81,2.418,98.2,0.032,96.2,185.8,-11.64,-32.23,2.286,275.4,314.7,294.1
"2021-03-02 15:50:00",43,3.175,33.37,1.225,98.2,0.032,92.9,180.3,-11.25,-32.25,2.243,275.4,314.9,293.9
"2021-03-02 15:55:00",44,2.902,34.1,1.325,98.2,0.043,89.4,174.7,-10.74,-32.13,2.199,275.3,315.2,293.8
"2021-03-02 16:00:00",45,3.001,29.68,1.995,98.2,0.029,87.4,170.3,-10.6,-31.84,2.091,275.2,314.8,293.6
"2021-03-02 16:05:00",46,3.089,30.84,1.608,98.2,0.029,84.6,164.2,-10.6,-31.79,2.086,275.2,314.8,293.6
"2021-03-02 16:10:00",47,3.262,29.9,0.853,98.2,0.032,81.3,157.6,-10.7,-31.82,2.089,275.2,314.7,293.6
"2021-03-02 16:15:00",48,3.378,31.3,0.418,98.2,0.028,78.16,151.4,-10.7,-31.84,2.152,275.3,315,293.9
"2021-03-02 16:20:00",49,3.361,31.96,0.935,98.2,0.031,75.15,145.6,-10.84,-31.84,2.157,275.3,314.9,293.9
"2021-03-02 16:25:00",50,3.194,32.02,0.207,98.2,0.024,71.38,138.6,-10.6,-31.84,2.133,275.3,315,293.8
"2021-03-02 16:30:00",51,3.259,27.98,0.217,98.2,0.033,68.41,132.5,-10.48,-31.88,2.09,275.2,314.9,293.5
"2021-03-02 16:35:00",52,3.398,27.99,0.2,98.2,0.03,65.26,125.7,-10.48,-31.92,2.026,275.2,314.6,293.2
"2021-03-02 16:40:00",53,3.405,25.72,0.41,98.2,0.041,61.73,118.9,-10.55,-31.72,1.963,275.1,314.3,293.1
"2021-03-02 16:45:00",54,3.333,28.62,0.267,98.2,0.038,58.38,112.8,-10.62,-31.31,1.896,275,313.9,293.2
"2021-03-02 16:50:00",55,3.347,28.24,0.2,98.2,0.034,55.26,106.4,-10.48,-31.05,1.822,275,313.7,293.1
"2021-03-02 16:55:00",56,3.242,28.35,0.23,98.2,0.02,52.28,100.6,-10.48,-31.05,1.755,274.9,313.3,292.8
"2021-03-02 17:00:00",57,3.214,31.21,0.327,98.2,0.016,49.87,95.8,-10.48,-31.05,1.644,274.8,312.8,292.3
"2021-03-02 17:05:00",58,2.968,28.52,0.29,98.2,0.034,47.53,91.4,-10.18,-30.74,1.49,274.6,312.4,291.8
"2021-03-02 17:10:00",59,2.968,28.82,0.29,98.2,0.034,45.86,88.1,-10.09,-30.65,1.348,274.5,311.8,291.3
"2021-03-02 17:15:00",60,3.015,29.74,0.66,98.2,0.036,43.89,83.8,-10.09,-30.8,1.259,274.4,311.4,290.7
"2021-03-02 17:20:00",61,3.059,28.73,0.222,98.2,0.011,41.79,79.22,-10.07,-31.02,1.188,274.3,311.1,290.1
"2021-03-02 17:25:00",62,2.972,30.75,0.34,98.2,0.031,39.28,74.38,-9.89,-31.33,1.08,274.2,310.8,289.3
"2021-03-02 17:30:00",63,2.844,31.88,0.245,98.2,0.027,36.96,69.32,-9.73,-31.45,0.945,274.1,310.3,288.6
"2021-03-02 17:35:00",64,2.674,31.49,0.21,98.2,0.045,34.16,63.75,-9.69,-31.47,0.775,273.9,309.5,287.8
"2021-03-02 17:40:00",65,2.594,28.71,0.22,98.2,0.034,31.32,57.82,-9.58,-31.55,0.596,273.7,308.8,286.8
"2021-03-02 17:45:00",66,2.645,29.71,0.312,98.2,0.032,28.53,52.37,-9.55,-31.79,0.478,273.6,308.3,286.1
"2021-03-02 17:50:00",67,2.536,34.78,0.36,98.2,0.026,24.51,44.51,-9.66,-32.23,0.345,273.5,307.6,285
"2021-03-02 17:55:00",68,2.369,30.83,0.603,98.1,0.014,20.27,36.89,-9.69,-32.53,0.22,273.4,307,284.1
"2021-03-02 18:00:00",69,2.355,32.21,0.885,98.1,0.016,15.63,28.41,-9.69,-32.81,0.085,273.2,306.3,283.2
"2021-03-02 18:05:00",70,2.301,24.71,1.143,98.1,0.04,11.33,19.46,-9.72,-33.16,-0.06,273.1,305.6,282.2
"2021-03-02 18:10:00",71,2.653,31.15,1.53,98.1,0.037,8.06,11.76,-10.33,-34.18,0.056,273.2,305.6,281.7
"2021-03-02 18:15:00",72,2.474,30.71,1.787,98.1,0.028,4.728,4.259,-10.52,-35.02,-0.01,273.1,305.1,280.6
"2021-03-02 18:20:00",73,2.168,31.24,1.46,98.1,0.011,2.671,0.125,-10.5,-35.72,-0.15,273,304.4,279.2
"2021-03-02 18:25:00",74,2.077,30.55,1.675,98.1,0.04,2.321,-0.95,-10.49,-36.11,-0.304,272.8,303.8,278.1
"2021-03-02 18:30:00",75,2.336,29.69,3.28,98.1,0.031,2.519,-1.2,-10.57,-35.82,-0.211,272.9,304.1,278.8
"2021-03-02 18:35:00",76,2.147,31.93,3.297,98.1,0.028,1.207,-2.434,-10.78,-35.36,-0.102,273,304.4,279.8
"2021-03-02 18:40:00",77,1.825,31.69,3.045,98.1,0.051,0.363,-3.291,-10.58,-34.64,-0.202,272.9,304.1,280.1
"2021-03-02 18:45:00",78,1.931,29.33,3.2,98.1,0.045,0.627,-3.06,-10.55,-34.1,-0.272,272.9,303.8,280.3
"2021-03-02 18:50:00",79,2.184,31.7,3.272,98.1,0.044,0.923,-2.77,-10.72,-33.64,-0.189,273,304,281.1
"2021-03-02 18:55:00",80,1.985,32.78,2.93,98.1,0.024,0.508,-3.192,-10.7,-32.82,-0.154,273,304.2,282.1
"2021-03-02 19:00:00",81,1.777,34.48,2.615,98.1,0.04,0.284,-3.258,-10.56,-31.56,-0.247,272.9,303.9,282.9
"2021-03-02 19:05:00",82,1.737,32.5,2.65,98.1,0.045,0.521,-2.896,-10.11,-30.03,-0.336,272.8,304,284.1
"2021-03-02 19:10:00",83,1.862,34.73,2.293,98.2,0.034,0.778,-2.619,-10.11,-28.79,-0.297,272.9,304.2,285.5
"2021-03-02 19:15:00",84,1.832,33.62,2.82,98.2,0.037,0.495,-2.493,-10.07,-27.67,-0.321,272.8,304.1,286.5
"2021-03-02 19:20:00",85,1.7,34.14,2.805,98.2,0.045,0.257,-2.612,-9.99,-27.5,-0.333,272.8,304.1,286.6
"2021-03-02 19:25:00",86,1.98,31.8,3.048,98.2,0.026,1.055,-2.078,-9.98,-27.95,-0.31,272.8,304.2,286.3
"2021-03-02 19:30:00",87,2.267,31.09,3.305,98.2,0.021,1.458,-1.728,-10.47,-28.75,-0.093,273.1,304.7,286.5
"2021-03-02 19:35:00",88,2.23,33.01,2.383,98.2,0.044,0.495,-2.566,-10.84,-29.03,0.043,273.2,305,286.8
"2021-03-02 19:40:00",89,1.765,32.39,1.98,98.2,0.042,-0.317,-3.404,-10.55,-28.43,-0.156,273,304.4,286.5
"2021-03-02 19:45:00",90,1.649,32.95,2.295,98.2,0.029,0.257,-2.77,-10.15,-27.57,-0.366,272.8,303.8,286.4
"2021-03-02 19:50:00",91,1.923,30.38,2.455,98.2,0.018,0.732,-2.038,-10.16,-27.47,-0.379,272.8,303.7,286.4
"2021-03-02 19:55:00",92,2.155,28.53,2.3,98.2,0.018,0.89,-1.57,-10.42,-27.52,-0.272,272.9,304,286.9
"2021-03-02 20:00:00",93,2.073,31.69,1.963,98.2,0.018,0.64,-2.144,-10.61,-27.79,-0.268,272.9,303.8,286.6
"2021-03-02 20:05:00",94,1.874,32.14,1.965,98.2,0.018,0.303,-2.441,-10.54,-27.9,-0.284,272.9,303.8,286.4
"2021-03-02 20:10:00",95,1.92,31.87,2.018,98.2,0.018,0.515,-2.216,-10.49,-27.91,-0.369,272.8,303.4,286
"2021-03-02 20:15:00",96,1.828,32.98,2.113,98.2,0.018,0.594,-2.144,-10.48,-27.54,-0.403,272.7,303.3,286.2
"2021-03-02 20:20:00",97,1.671,34.25,2.1,98.2,0.018,0.204,-2.342,-10.29,-26.91,-0.438,272.7,303.3,286.7
"2021-03-02 20:25:00",98,1.394,36.56,2.78,98.2,0.018,-0.152,-2.612,-9.99,-26.09,-0.548,272.6,303.1,287
"2021-03-02 20:30:00",99,1.158,36.27,2.947,98.2,0.018,-0.244,-2.744,-9.57,-25.29,-0.665,272.5,303,287.3
"2021-03-02 20:35:00",100,1.341,36.81,2.858,98.2,0.018,0.251,-2.131,-9.41,-24.78,-0.691,272.5,303,287.7
"2021-03-02 20:40:00",101,1.516,34.29,2.65,98.2,0.018,0.567,-1.722,-9.47,-24.59,-0.622,272.5,303.3,288.2
"2021-03-02 20:45:00",102,1.728,33.24,2.643,98.2,0.018,0.554,-1.577,-9.73,-24.68,-0.478,272.7,303.7,288.8
"2021-03-02 20:50:00",103,1.745,34.49,2.585,98.2,0.018,0.409,-1.669,-10.01,-24.64,-0.407,272.7,303.7,289.1
"2021-03-02 20:55:00",104,1.623,34.19,2.577,98.2,0.018,0.073,-2.098,-10.02,-24.41,-0.412,272.7,303.7,289.3
"2021-03-02 21:00:00",105,1.658,36.25,2.413,98.2,0.018,0.185,-1.907,-9.95,-24.5,-0.38,272.8,303.9,289.4
"2021-03-02 21:05:00",106,1.612,35.17,2.665,98.2,0.018,0.185,-1.933,-9.87,-24.86,-0.438,272.7,303.8,288.8
"2021-03-02 21:10:00",107,1.57,35.24,2.385,98.2,0.018,0.033,-2.124,-10.04,-25.24,-0.455,272.7,303.5,288.3
"2021-03-02 21:15:00",108,1.489,35.02,2.41,98.2,0.018,-0.086,-2.329,-9.96,-25.53,-0.556,272.6,303.1,287.5
"2021-03-02 21:20:00",109,1.442,34.24,2.223,98.2,0.018,0.026,-2.296,-9.96,-25.91,-0.589,272.6,303,287
"2021-03-02 21:25:00",110,1.575,38.15,2.178,98.2,0.018,0.574,-1.913,-10.04,-26.3,-0.565,272.6,303,286.7
"2021-03-02 21:30:00",111,0.891,39.23,1.478,98.2,0.018,-0.811,-3.503,-9.9,-26.24,-0.875,272.3,301.7,285.4
"2021-03-02 21:35:00",112,0.846,38.78,1.658,98.2,0.018,0,-2.606,-9.59,-25.93,-1.145,272,300.8,284.4
"2021-03-02 21:40:00",113,0.914,36.41,1.725,98.2,0.018,0.35,-2.164,-9.33,-25.83,-1.341,271.8,300.1,283.6
"2021-03-02 21:45:00",114,1.147,38.46,1.783,98.2,0.018,0.95,-1.418,-9.33,-25.79,-1.377,271.8,300,283.5
"2021-03-02 21:50:00",115,1.061,37.59,1.443,98.2,0.026,0.726,-1.649,-9.35,-25.53,-1.409,271.7,299.8,283.6
"2021-03-02 21:55:00",116,1.062,36.57,1.347,98.2,0.033,0.792,-1.643,-9.38,-25.28,-1.486,271.7,299.4,283.5
"2021-03-02 22:00:00",117,1.214,36.63,2.143,98.2,0.041,1.293,-0.924,-9.36,-25.65,-1.417,271.7,299.8,283.5
"2021-03-02 22:05:00",118,1.491,33.86,2.167,98.2,0.032,1.009,-0.614,-9.65,-26.56,-1.187,272,300.5,283.6
"2021-03-02 22:10:00",119,1.699,34.32,2.068,98.2,0.026,0.851,-1.003,-10.17,-27.58,-0.876,272.3,301.4,284
"2021-03-02 22:15:00",120,1.716,34.98,2.125,98.2,0.032,0.515,-1.663,-10.49,-28.2,-0.735,272.4,301.8,284.1
"2021-03-02 22:20:00",121,1.668,36.04,1.788,98.2,0.029,0.112,-2.151,-10.74,-28.32,-0.67,272.5,301.8,284.2
"2021-03-02 22:25:00",122,1.62,34.74,2.23,98.2,0.037,0.422,-1.96,-10.54,-28.34,-0.684,272.5,301.9,284.1
"2021-03-02 22:30:00",123,1.686,34.6,2.515,98.2,0.041,0.554,-1.913,-10.76,-28.5,-0.612,272.5,302.1,284.3
"2021-03-02 22:35:00",124,1.687,35.64,2.285,98.2,0.026,0.284,-2.098,-10.85,-28.65,-0.472,272.7,302.6,284.8
"2021-03-02 22:40:00",125,1.685,34.4,2.222,98.2,0.016,0.158,-2.191,-10.89,-28.32,-0.518,272.6,302.4,284.9
"2021-03-02 22:45:00",126,1.738,35.27,2.475,98.2,0.032,0.383,-2.006,-10.88,-28.31,-0.512,272.6,302.4,285
"2021-03-02 22:50:00",127,1.618,36.54,2.46,98.2,0.032,0.158,-2.263,-10.89,-28.14,-0.513,272.6,302.4,285.1
"2021-03-02 22:55:00",128,1.383,38.6,2.525,98.2,0.026,-0.066,-2.573,-10.56,-27.63,-0.617,272.5,302.2,285.2
"2021-03-02 23:00:00",129,1.088,41.25,2.598,98.2,0.02,-0.429,-2.949,-10.32,-26.71,-0.745,272.4,301.9,285.5
"2021-03-02 23:05:00",130,0.948,39.57,2.505,98.2,0.036,-0.218,-2.758,-9.75,-25.67,-0.987,272.2,301.3,285.4
"2021-03-02 23:10:00",131,1.183,37.46,2.245,98.2,0.04,0.277,-2.045,-9.71,-25.2,-0.979,272.2,301.4,285.9
"2021-03-02 23:15:00",132,1.295,37.19,2.358,98.2,0.033,0.409,-1.676,-9.78,-24.79,-0.892,272.3,301.8,286.7
"2021-03-02 23:20:00",133,1.207,39.13,2.417,98.2,0.034,-0.013,-2.026,-10.03,-24.7,-0.837,272.3,301.8,287.1
"2021-03-02 23:25:00",134,1.09,36.03,2.013,98.2,0.03,-0.238,-2.191,-9.8,-24.35,-0.984,272.2,301.3,286.8
"2021-03-02 23:30:00",135,1.453,35.72,2.29,98.2,0.031,0.02,-1.161,-10.07,-24.55,-0.872,272.3,301.6,287.1
"2021-03-02 23:35:00",136,1.573,37.21,2.045,98.2,0.036,0.079,-1.537,-10.13,-24.82,-0.783,272.4,301.9,287.2
"2021-03-02 23:40:00",137,1.482,36.08,1.985,98.2,0.031,0.145,-1.788,-10.27,-25.14,-0.772,272.4,301.8,286.9
"2021-03-02 23:45:00",138,1.427,37.07,2.115,98.2,0.016,0.073,-1.861,-10.35,-25.14,-0.773,272.4,301.7,286.9
"2021-03-02 23:50:00",139,1.442,37.44,2.418,98.2,0.034,0.053,-1.92,-10.27,-25.14,-0.745,272.4,301.9,287.1
"2021-03-02 23:55:00",140,1.603,35.54,2.493,98.2,0.036,0.218,-1.729,-10.37,-25.48,-0.652,272.5,302.3,287.2
"2021-03-03 00:00:00",141,1.651,35.54,2.205,98.2,0.016,0.073,-1.735,-10.49,-25.54,-0.606,272.5,302.4,287.3
"2021-03-03 00:05:00",142,1.543,36.42,1.957,98.2,0.034,-0.152,-2.131,-10.61,-25.57,-0.61,272.5,302.2,287.3
"2021-03-03 00:10:00",143,1.472,35.96,2.04,98.2,0.021,-0.31,-2.072,-10.49,-25.54,-0.685,272.5,302,286.9
"2021-03-03 00:15:00",144,1.45,36.08,2.01,98.2,0.024,-0.205,-2.065,-10.5,-25.53,-0.674,272.5,302,287
"2021-03-03 00:20:00",145,1.56,36.1,2.138,98.2,0.036,-0.04,-1.768,-10.49,-25.84,-0.665,272.5,302.1,286.7
"2021-03-03 00:25:00",146,1.672,35.86,2.1,98.2,0.026,0.198,-1.63,-10.62,-26.18,-0.678,272.5,301.9,286.3
"2021-03-03 00:30:00",147,1.695,36.47,1.955,98.2,0.045,-0.066,-1.841,-10.88,-26.61,-0.6,272.5,302,286.3
"2021-03-03 00:35:00",148,1.532,38.92,2.005,98.2,0.016,-0.198,-2.237,-10.89,-26.83,-0.644,272.5,301.8,285.8
"2021-03-03 00:40:00",149,1.382,36.77,2.01,98.2,0.018,-0.205,-2.474,-10.74,-27.11,-0.737,272.4,301.5,285.1
"2021-03-03 00:45:00",150,1.463,35.77,1.888,98.2,0.03,-0.059,-2.131,-10.89,-27.26,-0.768,272.4,301.2,284.8
"2021-03-03 00:50:00",151,1.622,35,2.175,98.2,0.035,0.02,-1.735,-10.89,-27.51,-0.727,272.4,301.4,284.8
"2021-03-03 00:55:00",152,1.917,34.45,2.263,98.2,0.018,0.449,-1.405,-11.03,-27.83,-0.591,272.6,301.9,285.1
"2021-03-03 01:00:00",153,1.869,34.34,2.058,98.2,0.036,0.04,-1.854,-11.28,-28.1,-0.488,272.7,302.1,285.3
"2021-03-03 01:05:00",154,1.844,34.44,2.347,98.2,0.026,0.218,-1.881,-11.28,-28.25,-0.495,272.7,302.1,285.1
"2021-03-03 01:10:00",155,1.831,35.46,2.143,98.2,0.014,0.119,-1.986,-11.28,-28.31,-0.43,272.7,302.4,285.3
"2021-03-03 01:15:00",156,1.686,36.88,2.315,98.2,0.027,0,-2.25,-11.28,-28.07,-0.496,272.7,302.1,285.3
"2021-03-03 01:20:00",157,1.595,37.21,2.453,98.2,0.033,0.053,-2.276,-11.23,-27.92,-0.575,272.6,301.8,285.1
"2021-03-03 01:25:00",158,1.443,37.51,2.32,98.2,0.02,-0.132,-2.514,-10.97,-27.73,-0.646,272.5,301.7,284.9
"2021-03-03 01:30:00",159,1.433,36.96,2.43,98.2,0.028,-0.04,-2.316,-10.78,-27.51,-0.749,272.4,301.4,284.7
"2021-03-03 01:35:00",160,1.507,39.08,2.682,98.2,0.029,0.244,-2.125,-10.58,-27.51,-0.639,272.5,302.1,285.2
"2021-03-03 01:40:00",161,1.303,39.08,2.625,98.2,0.038,0.026,-2.415,-10.5,-27.5,-0.752,272.4,301.7,284.7
"2021-03-03 01:45:00",162,1.063,40.29,2.722,98.2,0.04,-0.178,-2.633,-10.39,-27.14,-0.831,272.3,301.4,284.7
"2021-03-03 01:50:00",163,0.999,39.98,2.545,98.2,0.014,-0.125,-2.494,-10.1,-26.66,-0.952,272.2,301.2,284.6
"2021-03-03 01:55:00",164,1.093,40.13,2.478,98.2,0.028,0.238,-2.098,-10.08,-26.28,-1.005,272.1,300.9,284.7
"2021-03-03 02:00:00",165,1.108,39.51,2.56,98.2,0.036,0.205,-1.993,-10.08,-25.77,-1.007,272.1,300.9,285.2
"2021-03-03 02:05:00",166,1.153,39.99,2.63,98.2,0.031,0.31,-1.867,-10.1,-25.38,-1.012,272.1,300.9,285.6
"2021-03-03 02:10:00",167,1.024,40.56,2.29,98.2,0.027,-0.013,-1.953,-10.1,-25.06,-0.988,272.2,301,286
"2021-03-03 02:15:00",168,0.976,38.83,2.302,98.2,0.02,0.02,-1.953,-10.01,-24.74,-1.082,272.1,300.7,285.9
"2021-03-03 02:20:00",169,1.043,41.42,2.607,98.2,0.028,0.119,-1.815,-10,-24.74,-1.092,272.1,300.6,285.9
"2021-03-03 02:25:00",170,0.97,40.14,2.683,98.2,0.035,0.079,-1.9,-9.71,-24.72,-1.096,272.1,300.9,285.9
"2021-03-03 02:30:00",171,1.076,36.89,2.67,98.2,0.028,0.145,-1.821,-9.86,-24.88,-0.955,272.2,301.4,286.4
"2021-03-03 02:35:00",172,1.279,39.22,2.528,98.2,0.011,0.468,-1.485,-10.05,-25.14,-0.959,272.2,301.2,286.1
"2021-03-03 02:40:00",173,1.231,38.96,2.623,98.2,0.023,0.271,-1.966,-10.1,-25.19,-0.911,272.2,301.4,286.3
"2021-03-03 02:45:00",174,1.165,40.13,2.515,98.2,0.035,0.231,-1.96,-10.12,-25.48,-0.864,272.3,301.5,286.2
"2021-03-03 02:50:00",175,0.953,40.29,2.228,98.2,0.027,-0.29,-2.402,-10.15,-25.44,-1.025,272.1,300.8,285.5
"2021-03-03 02:55:00",176,1.05,38.87,2.088,98.2,0.035,0.026,-1.669,-10.1,-25.15,-1.121,272,300.4,285.3
"2021-03-03 03:00:00",177,1.337,38.4,1.947,98.2,0.026,0.442,-0.871,-10.37,-25.49,-1.118,272,300.1,285
"2021-03-03 03:05:00",178,1.142,37.65,1.533,98.2,0.027,-0.238,-1.716,-10.49,-25.34,-1.157,272,299.8,285
"2021-03-03 03:10:00",179,1.283,36.82,1.8,98.2,0.029,-0.02,-0.805,-10.49,-25.4,-1.175,272,299.7,284.8
"2021-03-03 03:15:00",180,1.247,37.05,1.41,98.2,0.028,-0.323,-1.485,-10.57,-25.54,-1.141,272,299.8,284.9
"2021-03-03 03:20:00",181,1.251,35.87,1.425,98.2,0.033,0.145,-1.485,-10.65,-25.32,-1.142,272,299.7,285.1
"2021-03-03 03:25:00",182,1.229,37.8,1.483,98.1,0.032,0.086,-1.564,-10.63,-25.1,-1.102,272,299.9,285.5
"2021-03-03 03:30:00",183,1.362,37.38,1.602,98.1,0.043,0.541,-1.175,-10.7,-25.11,-1.136,272,299.7,285.3
"2021-03-03 03:35:00",184,1.515,37.03,1.74,98.1,0.033,0.383,-0.765,-10.68,-25.14,-1.031,272.1,300.2,285.8
"2021-03-03 03:40:00",185,1.561,38.49,1.78,98.1,0.018,0.119,-1.181,-10.89,-25.16,-0.903,272.2,300.6,286.3
"2021-03-03 03:45:00",186,1.294,36.56,1.825,98.1,0.031,-0.29,-1.914,-10.89,-24.94,-0.896,272.3,300.6,286.6
"2021-03-03 03:50:00",187,1.363,37.49,1.95,98.1,0.032,0.251,-1.505,-10.89,-24.57,-0.875,272.3,300.7,287
"2021-03-03 03:55:00",188,1.439,38.65,2.05,98.1,0.03,0.304,-1.095,-10.82,-24.35,-0.866,272.3,300.8,287.3
"2021-03-03 04:00:00",189,1.202,38.62,2.053,98.1,0.033,-0.343,-2.079,-10.72,-24.22,-0.86,272.3,301,287.5
"2021-03-03 04:05:00",190,1.27,38.21,2.195,98.1,0.04,-0.026,-1.9,-10.5,-23.96,-0.878,272.3,301.1,287.6
"2021-03-03 04:10:00",191,1.587,38.52,2.178,98.1,0.023,0.409,-0.963,-10.49,-24.43,-0.805,272.3,301.4,287.5
"2021-03-03 04:15:00",192,1.661,35.76,1.882,98.1,0.024,0.086,-1.036,-10.85,-24.75,-0.675,272.5,301.7,287.8
"2021-03-03 04:20:00",193,1.723,37.04,1.993,98.1,0.032,-0.059,-0.851,-11.05,-24.81,-0.615,272.5,301.8,288
"2021-03-03 04:25:00",194,1.542,38.19,1.685,98.1,0.011,-0.389,-1.802,-11.28,-24.75,-0.632,272.5,301.4,288
"2021-03-03 04:30:00",195,1.406,36.52,1.583,98.1,0.043,-0.482,-1.986,-11.05,-24.54,-0.73,272.4,301.2,287.7
"2021-03-03 04:35:00",196,1.367,39.67,1.35,98.1,0.028,-0.383,-2.006,-11.01,-24.36,-0.783,272.4,301,287.7
"2021-03-03 04:40:00",197,1.132,39.15,1.365,98.1,0.027,-0.396,-2.151,-10.88,-24.21,-0.937,272.2,300.4,287.1
"2021-03-03 04:45:00",198,1.18,42.32,1.43,98.1,0.024,0.112,-1.96,-10.79,-24.09,-0.998,272.2,300.3,287
"2021-03-03 04:50:00",199,1.152,41.57,1.16,98.1,0.023,0.007,-1.94,-10.53,-23.95,-1.133,272,299.9,286.5
"2021-03-03 04:55:00",200,1.156,41.35,1.335,98.1,0.028,0.231,-1.729,-10.56,-23.95,-1.25,271.9,299.3,285.9
"2021-03-03 05:00:00",201,1.246,38.11,1.05,98.1,0.036,1.313,-1.313,-10.36,-23.87,-1.257,271.9,299.5,286
"2021-03-03 05:05:00",202,1.317,39.52,0.653,98.1,0.039,1.175,-1.056,-10.5,-23.6,-1.345,271.8,299,285.9
"2021-03-03 05:10:00",203,1.19,40.51,0.362,98.1,0.033,0.937,-1.01,-10.49,-23.39,-1.425,271.7,298.6,285.7
"2021-03-03 05:15:00",204,1.534,37.47,0.2,98.1,0.032,2.369,0.007,-10.49,-23.42,-1.485,271.7,298.3,285.4
"2021-03-03 05:20:00",205,1.805,33.25,0.2,98.1,0.028,2.996,0.666,-10.71,-23.71,-1.54,271.6,297.9,284.9
"2021-03-03 05:25:00",206,1.971,30.42,0.452,98.1,0.014,2.95,0.66,-10.95,-24.04,-1.436,271.7,298.1,285
"2021-03-03 05:30:00",207,2.086,32.06,0.205,98.1,0.043,2.857,0.548,-11.28,-24.4,-1.398,271.8,297.9,284.8
"2021-03-03 05:35:00",208,1.962,32.35,0.49,98.1,0.026,2.158,-0.106,-11.38,-24.7,-1.47,271.7,297.5,284.2
"2021-03-03 05:40:00",209,2.138,30.5,0.52,98.1,0.036,2.686,0.436,-11.3,-24.76,-1.357,271.8,298.1,284.7
"2021-03-03 05:45:00",210,2.065,32.08,0.2,98.1,0.024,1.643,-0.092,-11.67,-24.86,-1.294,271.9,298,284.8
"2021-03-03 05:50:00",211,1.908,32.53,0.2,98.1,0.042,1.709,0.013,-11.68,-24.64,-1.428,271.7,297.4,284.4
"2021-03-03 05:55:00",212,1.777,33.04,0.2,98.1,0.038,0.211,-0.35,-11.44,-24.07,-1.58,271.6,297,284.3
"2021-03-03 06:00:00",213,1.556,38.35,0.2,98.1,0.04,0.647,-0.422,-10.96,-23.5,-1.779,271.4,296.5,284
"2021-03-03 06:05:00",214,1.527,34.59,0.2,98.1,0.036,0.198,0.396,-10.88,-23.16,-1.907,271.2,296,283.8
"2021-03-03 06:10:00",215,1.733,31.77,0.255,98.1,0.037,2.712,1.148,-10.86,-23.16,-1.883,271.3,296.2,283.9
"2021-03-03 06:15:00",216,1.957,38.61,0.2,98.1,0.036,1.425,1.425,-10.89,-23.28,-1.847,271.3,296.3,283.9
"2021-03-03 06:20:00",217,1.726,40.08,0.2,98.1,0.043,1.016,0.112,-10.89,-23.33,-1.849,271.3,296.3,283.9
"2021-03-03 06:25:00",218,1.596,42.24,0.403,98.1,0.04,1.478,0.422,-10.89,-23.39,-1.869,271.3,296.2,283.7
"2021-03-03 06:30:00",219,1.441,39.33,0.783,98.1,0.04,1.399,0.02,-10.71,-23.88,-1.783,271.4,296.8,283.6
"2021-03-03 06:35:00",220,1.208,43.46,1.313,98.1,0.04,0.587,-0.68,-10.93,-24.32,-1.649,271.5,297.2,283.8
"2021-03-03 06:40:00",221,1.12,39.5,1.517,98.1,0.04,1.188,-1.142,-10.73,-24.5,-1.607,271.5,297.5,283.8
"2021-03-03 06:45:00",222,1.118,39.52,1.695,98.1,0.04,1.129,-1.208,-10.78,-24.74,-1.55,271.6,297.7,283.8
"2021-03-03 06:50:00",223,1.032,39.99,1.038,98.1,0.04,1.353,-1.34,-10.89,-24.68,-1.52,271.6,297.8,284
"2021-03-03 06:55:00",224,1.16,40.56,1.535,98.1,0.041,0.997,-0.667,-11.22,-24.74,-1.501,271.6,297.5,284
"2021-03-03 07:00:00",225,0.815,42.77,1.575,98.1,0.04,0.185,-1.03,-11.06,-24.99,-1.507,271.6,297.7,283.7
"2021-03-03 07:05:00",226,0.636,43.73,1.838,98.1,0.036,0.818,0.106,-10.6,-25.17,-1.57,271.6,297.8,283.3
"2021-03-03 07:10:00",227,0.615,45.52,1.855,98.1,0.04,1.082,0.132,-10.49,-25.2,-1.568,271.6,298,283.3
"2021-03-03 07:15:00",228,0.743,41.93,1.873,98.1,0.041,2.435,1.313,-10.47,-24.87,-1.518,271.6,298.2,283.8
"2021-03-03 07:20:00",229,1.16,37,1.563,98.1,0.036,4.448,4.092,-10.61,-24.97,-1.5,271.6,298.1,283.8
"2021-03-03 07:25:00",230,1.046,40.33,1.343,98.1,0.041,4.468,5.973,-10.92,-25.16,-1.41,271.7,298.3,284
"2021-03-03 07:30:00",231,1.103,38.6,1.54,98.1,0.038,6.87,9.64,-10.86,-25.15,-1.436,271.7,298.2,283.9
"2021-03-03 07:35:00",232,1.42,37.57,0.915,98.1,0.042,9.33,13.88,-11.1,-25.15,-1.412,271.7,298.1,284
"2021-03-03 07:40:00",233,1.442,38.73,0.877,98.1,0.045,10.29,18.03,-11.3,-25.45,-1.331,271.8,298.2,284.1
"2021-03-03 07:45:00",234,1.15,40.57,0.895,98.1,0.032,12.17,21.41,-11.29,-25.26,-1.398,271.8,297.9,284
"2021-03-03 07:50:00",235,1.507,38.86,1.04,98.1,0.034,16.38,27.08,-11.25,-25.37,-1.313,271.8,298.4,284.2
"2021-03-03 07:55:00",236,1.81,40.33,1.11,98.1,0.033,19.05,32.32,-11.41,-25.54,-1.106,272,299.1,285
"2021-03-03 08:00:00",237,1.959,41.26,0.532,98.1,0.03,21.39,36.98,-11.56,-25.79,-0.959,272.2,299.7,285.4
"2021-03-03 08:05:00",238,1.855,43.65,0.25,98.1,0.018,23.06,41.63,-11.66,-25.97,-0.954,272.2,299.6,285.3
"2021-03-03 08:10:00",239,1.448,44.07,0.94,98.1,0.023,25.26,47.16,-11.08,-25.94,-1.032,272.1,299.8,285
"2021-03-03 08:15:00",240,1.499,42.98,0.742,98.1,0.031,29.41,53.55,-10.76,-26.02,-0.952,272.2,300.5,285.2
"2021-03-03 08:20:00",241,1.577,43.6,0.898,98.1,0.039,33.27,60.37,-10.49,-26.38,-0.836,272.3,301.3,285.4
"2021-03-03 08:25:00",242,1.487,44.95,0.908,98.1,0.043,36,66.2,-10.47,-26.44,-0.794,272.4,301.5,285.5
"2021-03-03 08:30:00",243,1.678,43.56,1.785,98.2,0.033,39.73,73.36,-10.15,-26.8,-0.575,272.6,302.8,286.2
"2021-03-03 08:35:00",244,1.911,44.74,2.143,98.2,0.028,43.2,80.4,-10.35,-27.35,-0.244,272.9,304.2,287.2
"2021-03-03 08:40:00",245,2.103,40.92,2.285,98.2,0.028,47.27,87.9,-10.37,-27.88,0.045,273.2,305.5,288
"2021-03-03 08:45:00",246,2.268,41.29,2.043,98.2,0.016,50.97,95.2,-10.65,-28.3,0.321,273.5,306.5,288.8
"2021-03-03 08:50:00",247,2.091,44.51,1.69,98.2,0.021,53.5,101.2,-10.67,-28.35,0.468,273.6,307.1,289.5
"2021-03-03 08:55:00",248,1.945,43.7,1.72,98.2,0.031,56.45,107.1,-10.5,-28.31,0.49,273.6,307.4,289.6
"2021-03-03 09:00:00",249,2.017,45.62,1.957,98.2,0.023,59.5,112.9,-10.43,-28.28,0.503,273.7,307.5,289.7
"2021-03-03 09:05:00",250,1.841,45.7,1.88,98.2,0.028,62.41,118.7,-10.09,-27.97,0.495,273.6,307.8,290
"2021-03-03 09:10:00",251,2.065,47.79,2.065,98.2,0.029,66.3,125.8,-9.82,-28.1,0.59,273.7,308.6,290.3
"2021-03-03 09:15:00",252,2.126,46.53,2.333,98.2,0.043,69.92,132.9,-9.73,-28.27,0.693,273.8,309.1,290.6
"2021-03-03 09:20:00",253,2.097,48.16,1.89,98.2,0.036,73.45,140.3,-9.7,-28.3,0.788,273.9,309.6,291
"2021-03-03 09:25:00",254,2.072,46.96,2,98.2,0.016,76.91,147.3,-9.55,-28.3,0.825,274,309.9,291.2
"2021-03-03 09:30:00",255,2.203,44.34,2.198,98.2,0.024,80.8,154.6,-9.55,-28.44,0.901,274.1,310.3,291.4
"2021-03-03 09:35:00",256,2.265,44.7,2.265,98.2,0.035,84.4,161.5,-9.7,-28.67,1.018,274.2,310.7,291.7
"2021-03-03 09:40:00",257,2.275,45.04,2.088,98.2,0.042,87.8,168.4,-9.68,-28.77,1.137,274.3,311.2,292.2
"2021-03-03 09:45:00",258,2.182,45.19,2.013,98.1,0.048,91.3,175.6,-9.62,-28.88,1.16,274.3,311.4,292.2
"2021-03-03 09:50:00",259,2.335,43.9,2.35,98.1,0.046,95.3,183.7,-9.48,-29,1.292,274.4,312.2,292.6
"2021-03-03 09:55:00",260,2.434,43.67,2.25,98.1,0.028,98.7,190.5,-9.54,-29.19,1.355,274.5,312.4,292.8
"2021-03-03 10:00:00",261,2.443,44.36,2.485,98.1,0.027,101.9,196.8,-9.68,-29.48,1.462,274.6,312.8,293
"2021-03-03 10:05:00",262,2.295,47.28,2.38,98.1,0.045,104.8,203.5,-9.44,-29.48,1.457,274.6,313,292.9
"2021-03-03 10:10:00",263,2.065,46.28,2.24,98.1,0.024,108.2,210.9,-8.96,-29.32,1.424,274.6,313.3,292.9
"2021-03-03 10:15:00",264,2.201,49.2,2.197,98.1,0.024,112.5,218.9,-8.88,-29.5,1.458,274.6,313.6,292.9
"2021-03-03 10:20:00",265,2.039,48.25,2.063,98.1,0.04,114.9,224.7,-8.55,-29.42,1.457,274.6,313.9,293
"2021-03-03 10:25:00",266,2.188,47.77,2.432,98.1,0.038,117.7,229.4,-8.51,-29.2,1.511,274.7,314.2,293.5
"2021-03-03 10:30:00",267,2.139,48.1,2.068,98.1,0.034,119.5,233.3,-8.43,-29.16,1.553,274.7,314.4,293.7
"2021-03-03 10:35:00",268,2.183,47.94,2.16,98.1,0.03,122.4,238.8,-8.39,-29.08,1.597,274.7,314.7,294
"2021-03-03 10:40:00",269,2.294,45.06,2.488,98.1,0.04,126,246,-8.45,-29.28,1.674,274.8,315,294.2
"2021-03-03 10:45:00",270,2.45,48.04,1.94,98.1,0.02,129.9,254.6,-8.51,-29.73,1.812,275,315.6,294.4
"2021-03-03 10:50:00",271,2.384,48.23,1.967,98.2,0.023,134.3,265.4,-8.51,-29.87,1.884,275,315.9,294.6
"2021-03-03 10:55:00",272,2.293,49.01,2.21,98.2,0.031,139.3,276.7,-8.51,-29.91,1.97,275.1,316.3,294.9
"2021-03-03 11:00:00",273,2.256,46.43,2.395,98.2,0.021,143.8,286.9,-8.51,-30.21,1.967,275.1,316.3,294.6
"2021-03-03 11:05:00",274,2.301,50.11,2.173,98.2,0.038,148.3,296.8,-8.51,-30.3,2.064,275.2,316.8,295
"2021-03-03 11:10:00",275,2.342,46.98,2.083,98.2,0.033,151.8,305.6,-8.56,-30.56,2.161,275.3,317.2,295.2
"2021-03-03 11:15:00",276,2.428,46.15,2.265,98.2,0.037,155.4,313.9,-8.89,-30.66,2.231,275.4,317.2,295.4
"2021-03-03 11:20:00",277,2.503,46.43,2.025,98.2,0.039,159.6,323.5,-8.9,-30.94,2.353,275.5,317.8,295.7
"2021-03-03 11:25:00",278,2.66,46.55,1.913,98.2,0.042,167.3,341.7,-9.18,-31.3,2.536,275.7,318.3,296.2
"2021-03-03 11:30:00",279,2.806,43.38,1.963,98.2,0.031,167,343.6,-9.53,-31.85,2.727,275.9,318.9,296.6
"2021-03-03 11:35:00",280,2.948,41.69,1.8,98.2,0.036,169.5,350.5,-9.91,-32.44,2.918,276.1,319.4,296.9
"2021-03-03 11:40:00",281,3.034,42.64,1.96,98.2,0.04,173.8,361.8,-10.31,-32.91,3.077,276.2,319.8,297.2
"2021-03-03 11:45:00",282,3.069,47.28,1.805,98.2,0.02,182.2,381.9,-10.48,-33.29,3.22,276.4,320.3,297.5
"2021-03-03 11:50:00",283,3.076,43.95,1.995,98.2,0.027,181,382.1,-10.78,-33.59,3.387,276.5,320.8,298
"2021-03-03 11:55:00",284,3.057,45.47,1.975,98.2,0.037,183,386.8,-10.87,-33.7,3.414,276.6,320.8,298
"2021-03-03 12:00:00",285,3.185,42.88,1.9,98.2,0.033,197.4,419.6,-11,-33.91,3.542,276.7,321.3,298.4
"2021-03-03 12:05:00",286,3.327,41.91,1.757,98.2,0.043,193.7,414.1,-11.41,-34.4,3.745,276.9,321.9,298.9
"2021-03-03 12:10:00",287,3.376,40.19,1.765,98.2,0.042,180.5,385.2,-11.65,-34.65,3.855,277,322.2,299.2
"2021-03-03 12:15:00",288,3.413,40.01,1.475,98.1,0.05,176.8,376.3,-11.9,-34.97,3.928,277.1,322.3,299.2
"2021-03-03 12:20:00",289,3.423,41.44,1.36,98.1,0.041,176.2,375.5,-12.05,-35.15,4.012,277.2,322.5,299.4
"2021-03-03 12:25:00",290,3.625,41.84,0.87,98.1,0.028,177,377,-12.32,-35.77,4.147,277.3,322.9,299.5
"2021-03-03 12:30:00",291,3.782,39.59,0.87,98.1,0.043,180,384.4,-12.82,-36.46,4.376,277.5,323.5,299.9
"2021-03-03 12:35:00",292,4.025,40.69,0.24,98.1,0.036,183.4,392.1,-13.46,-37.31,4.696,277.8,324.4,300.6
"2021-03-03 12:40:00",293,4.341,38.25,0.438,98.1,0.043,188.5,407.2,-14.26,-38.14,5.052,278.2,325.4,301.5
"2021-03-03 12:45:00",294,4.217,39.58,0.69,98.1,0.044,193.4,421.4,-14.68,-38.8,5.273,278.4,326,301.9
"2021-03-03 12:50:00",295,4.229,38.83,0.877,98.1,0.014,199.8,435.6,-14.91,-39.41,5.434,278.6,326.6,302.1
"2021-03-03 12:55:00",296,4.163,45.42,0.547,98.1,0.042,197.2,430.6,-15.22,-39.91,5.521,278.7,326.7,302
"2021-03-03 13:00:00",297,4.183,38.4,0.71,98.1,0.03,193.2,424.2,-15.5,-40.45,5.638,278.8,327,302.1
"2021-03-03 13:05:00",298,4.307,36.02,0.963,98.1,0.027,193.7,426.8,-15.56,-40.69,5.69,278.8,327.2,302.1
"2021-03-03 13:10:00",299,4.196,38.79,1.17,98.1,0.027,182.6,401.8,-15.3,-40.6,5.544,278.7,326.8,301.5
"2021-03-03 13:15:00",300,4.037,38.1,1.148,98.2,0.036,177.8,389.7,-14.82,-40.19,5.332,278.5,326.2,300.8
"2021-03-03 13:20:00",301,4.004,40.63,1.138,98.1,0.038,178.2,388,-14.52,-39.85,5.198,278.3,325.8,300.5
"2021-03-03 13:25:00",302,4.034,38.72,1.015,98.1,0.035,181.6,395.9,-14.35,-39.42,5.122,278.3,325.6,300.6
"2021-03-03 13:30:00",303,4.027,39.06,1.24,98.1,0.042,179.2,390.2,-14.15,-39.21,5.049,278.2,325.5,300.4
"2021-03-03 13:35:00",304,4.019,39.13,1.028,98.1,0.021,178,387.3,-14.04,-38.95,5.017,278.2,325.4,300.5
"2021-03-03 13:40:00",305,4.11,39.66,1.063,98.1,0.039,177,384.7,-14.03,-38.95,5.006,278.2,325.4,300.5
"2021-03-03 13:45:00",306,4.125,43.01,1.087,98.1,0.052,173.2,376.8,-14.01,-38.93,4.922,278.1,325,300.1
"2021-03-03 13:50:00",307,4.085,42.61,1.178,98.1,0.05,170,368.4,-13.78,-38.68,4.865,278,325,300.1
"2021-03-03 13:55:00",308,4.071,43.2,0.945,98.1,0.051,167.6,363.2,-13.64,-38.51,4.785,277.9,324.7,299.8
"2021-03-03 14:00:00",309,4.129,42.68,0.76,98.1,0.046,165.1,357.1,-13.64,-38.54,4.777,277.9,324.7,299.8
"2021-03-03 14:05:00",310,4.168,43.38,0.563,98.1,0.051,164.5,354.9,-13.85,-38.58,4.896,278,325,300.3
"2021-03-03 14:10:00",311,4.143,41.45,0.65,98.1,0.053,160.4,346.9,-13.99,-38.53,4.917,278.1,325,300.5
"2021-03-03 14:15:00",312,4.181,42.94,0.67,98.1,0.049,156.8,338.5,-14,-38.28,4.921,278.1,325,300.7
"2021-03-03 14:20:00",313,4.158,42.18,0.7,98.1,0.039,154.3,334.3,-13.93,-37.99,4.866,278,324.8,300.7
"2021-03-03 14:25:00",314,4.105,42.75,0.402,98.1,0.043,153,330.3,-13.72,-37.76,4.836,278,324.9,300.8
"2021-03-03 14:30:00",315,4.191,40.01,0.363,98.1,0.048,150.9,324.8,-14.02,-37.78,4.892,278,324.8,301.1
"2021-03-03 14:35:00",316,4.181,41.45,0.552,98.1,0.047,148.9,320.1,-14.03,-37.8,4.908,278.1,324.9,301.1
"2021-03-03 14:40:00",317,4.144,41.25,0.305,98.1,0.035,146.4,314.3,-14.06,-38.04,4.915,278.1,324.9,300.9
"2021-03-03 14:45:00",318,4.337,40.44,0.2,98.1,0.011,143.9,307.5,-14.35,-38.37,5.012,278.2,325.1,301.1
"2021-03-03 14:50:00",319,4.427,41.42,0.44,98.1,0.024,140.8,302.3,-14.43,-38.46,5.058,278.2,325.2,301.2
"2021-03-03 14:55:00",320,4.251,40.07,0.345,98.1,0.024,138.6,299.2,-14.14,-38.15,4.986,278.1,325.2,301.2
"2021-03-03 15:00:00",321,4.303,40.39,0.263,98.1,0.034,137.9,296,-14.06,-38.15,4.942,278.1,325.1,301
"2021-03-03 15:05:00",322,4.181,41.41,0.538,98.1,0.027,133.6,289.2,-13.9,-37.95,4.831,278,324.7,300.6
"2021-03-03 15:10:00",323,4.016,40.85,0.76,98.1,0.023,130.3,281.7,-13.53,-37.56,4.649,277.8,324.2,300.1
"2021-03-03 15:15:00",324,3.936,40.47,0.998,98.1,0.037,126.9,273.1,-13.06,-37.16,4.434,277.6,323.6,299.5
"2021-03-03 15:20:00",325,3.795,43.39,1.075,98.1,0.032,122.7,262.6,-12.62,-36.7,4.208,277.4,322.9,298.8
"2021-03-03 15:25:00",326,3.67,44.06,0.915,98.1,0.033,117.7,252.1,-12.17,-36.18,3.962,277.1,322.2,298.2
"2021-03-03 15:30:00",327,3.649,45.36,0.73,98.1,0.03,113.9,242.7,-11.72,-35.73,3.784,276.9,321.8,297.8
"2021-03-03 15:35:00",328,3.61,43.23,0.87,98.1,0.031,110.8,234.2,-11.54,-35.28,3.655,276.8,321.3,297.6
"2021-03-03 15:40:00",329,3.619,45.51,0.69,98.1,0.024,107.7,226.7,-11.29,-34.86,3.53,276.7,321,297.4
"2021-03-03 15:45:00",330,3.514,45.92,0.853,98.1,0.029,103.9,218.2,-11.05,-34.48,3.398,276.5,320.6,297.2
"2021-03-03 15:50:00",331,3.421,46.42,1.132,98.1,0.034,99.4,208.3,-10.75,-34.05,3.228,276.4,320.1,296.8
"2021-03-03 15:55:00",332,3.351,46.63,1.183,98.1,0.032,95.3,198.5,-10.46,-33.62,3.029,276.2,319.4,296.3
"2021-03-03 16:00:00",333,3.225,50.02,1.118,98.1,0.033,91.2,189.5,-10.13,-33.29,2.821,276,318.7,295.6
"2021-03-03 16:05:00",334,3.072,49.86,0.877,98.1,0.028,87.1,180.6,-9.79,-32.97,2.649,275.8,318.3,295.1
"2021-03-03 16:10:00",335,2.967,49.51,0.938,98.1,0.034,83.6,172.4,-9.53,-32.51,2.453,275.6,317.6,294.6
"2021-03-03 16:15:00",336,2.859,51.63,0.878,98.1,0.03,80.3,164.8,-9.23,-31.93,2.309,275.5,317.2,294.5
"2021-03-03 16:20:00",337,2.758,51.16,0.963,98.1,0.035,77.49,158,-8.91,-31.26,2.134,275.3,316.7,294.4
"2021-03-03 16:25:00",338,2.704,50.13,1.108,98.1,0.027,74.95,152.1,-8.71,-30.74,2.017,275.2,316.4,294.3
"2021-03-03 16:30:00",339,2.623,50.51,1.132,98.1,0.03,72.57,146.9,-8.5,-30.38,1.882,275,315.9,294
"2021-03-03 16:35:00",340,2.588,50.24,1.29,98.1,0.026,70.42,142,-8.43,-30.25,1.737,274.9,315.3,293.5
"2021-03-03 16:40:00",341,2.547,49.51,1.325,98.1,0.028,68.25,137.2,-8.24,-30.11,1.641,274.8,315.1,293.2
"2021-03-03 16:45:00",342,2.488,51.49,1.153,98.1,0.043,66.08,132.7,-8.11,-29.92,1.506,274.7,314.6,292.7
"2021-03-03 16:50:00",343,2.363,51.71,0.993,98.1,0.036,64.77,129.9,-7.994,-29.85,1.41,274.6,314.2,292.4
"2021-03-03 16:55:00",344,2.307,51.29,1.317,98.1,0.029,66.78,133.2,-7.711,-29.85,1.299,274.4,314,291.8
"2021-03-03 17:00:00",345,2.27,52.17,1.267,98.2,0.029,68.87,137.4,-7.711,-30.07,1.254,274.4,313.8,291.4
"2021-03-03 17:05:00",346,2.219,51.53,1.448,98.2,0.046,66.41,132.9,-7.712,-30.44,1.191,274.3,313.5,290.7
"2021-03-03 17:10:00",347,2.164,51.92,1.66,98.2,0.02,61.55,123.2,-7.712,-30.84,1.108,274.3,313.1,289.9
"2021-03-03 17:15:00",348,2.108,52.74,1.54,98.2,0.041,57.5,114.4,-7.646,-31.19,1,274.2,312.6,289.1
"2021-03-03 17:20:00",349,2.026,53.31,1.225,98.2,0.04,52.71,104.5,-7.455,-31.59,0.871,274,312.2,288.1
"2021-03-03 17:25:00",350,1.836,54.39,1.157,98.2,0.026,48.43,95.6,-7.317,-31.84,0.701,273.9,311.6,287
"2021-03-03 17:30:00",351,1.778,51.64,1.388,98.2,0.037,45.87,89.7,-7.264,-32.19,0.509,273.7,310.7,285.8
"2021-03-03 17:35:00",352,1.807,54.57,1.423,98.2,0.044,43.58,84.8,-7.06,-32.27,0.378,273.5,310.3,285.1
"2021-03-03 17:40:00",353,1.658,53.81,1.308,98.2,0.041,40.54,78.91,-6.921,-32.23,0.232,273.4,309.8,284.5
"2021-03-03 17:45:00",354,1.492,54.57,1.333,98.2,0.034,36.51,71.15,-6.882,-32.23,0.096,273.2,309.2,283.8
"2021-03-03 17:50:00",355,1.378,55.46,1.675,98.2,0.038,31.08,60.1,-6.546,-32.3,-0.097,273.1,308.6,282.9
"2021-03-03 17:55:00",356,1.301,56.11,1.553,98.2,0.03,24.99,47.31,-6.546,-32.83,-0.267,272.9,307.9,281.6
"2021-03-03 18:00:00",357,1.18,53.08,1.657,98.2,0.029,19.15,34.7,-6.527,-33.54,-0.452,272.7,307,280
"2021-03-03 18:05:00",358,1.207,54.21,1.575,98.2,0.023,14.49,24.24,-6.705,-34.27,-0.607,272.5,306.1,278.6
"2021-03-03 18:10:00",359,1.064,53.92,1.203,98.1,0.008,10.45,15.67,-6.831,-34.62,-0.812,272.3,305.1,277.3
"2021-03-03 18:15:00",360,0.997,53.4,1.49,98.1,0.035,7.358,8.55,-6.613,-34.69,-1.028,272.1,304.3,276.2
"2021-03-03 18:20:00",361,1.015,52.88,1.665,98.1,0.035,5.374,3.798,-6.561,-35.04,-1.166,272,303.7,275.2
"2021-03-03 18:25:00",362,1.149,51.47,2.062,98.1,0.043,4.062,0.468,-6.653,-35.63,-1.189,272,303.5,274.5
"2021-03-03 18:30:00",363,1.205,51.72,2.058,98.1,0.03,3.086,-1.405,-6.931,-36.16,-1.195,272,303.2,274
"2021-03-03 18:35:00",364,1.075,51.82,1.982,98.1,0.023,2.229,-2.875,-6.984,-36.54,-1.168,272,303.3,273.7
"2021-03-03 18:40:00",365,0.923,53.42,1.738,98.1,0.04,1.965,-3.542,-6.978,-36.6,-1.281,271.9,302.8,273.2
"2021-03-03 18:45:00",366,0.808,53.31,1.575,98.1,0.046,1.926,-3.726,-7.004,-36.63,-1.425,271.7,302.1,272.5
"2021-03-03 18:50:00",367,0.76,53.21,1.145,98.1,0.048,1.899,-3.72,-7.288,-36.94,-1.559,271.6,301.2,271.6
"2021-03-03 18:55:00",368,0.816,52.74,1.202,98.1,0.042,2.104,-3.489,-7.321,-36.99,-1.656,271.5,300.7,271.1
"2021-03-03 19:00:00",369,0.974,50.68,1.395,98.1,0.03,2.632,-3.146,-7.288,-37.01,-1.685,271.5,300.6,270.9
"2021-03-03 19:05:00",370,1.029,51.17,1.138,98.1,0.035,2.632,-3.166,-7.618,-37.03,-1.744,271.4,300,270.6
"2021-03-03 19:10:00",371,0.949,51.1,0.885,98.1,0.044,2.434,-3.219,-7.724,-37,-1.781,271.4,299.8,270.5
"2021-03-03 19:15:00",372,0.766,51.83,0.287,98.2,0.041,1.649,-3.542,-8.1,-36.82,-1.934,271.2,298.7,270
"2021-03-03 19:20:00",373,0.74,51.51,0.2,98.2,0.037,0.792,-3.034,-8.17,-36.36,-2.115,271,297.8,269.6
"2021-03-03 19:25:00",374,0.433,53.67,0.247,98.2,0.04,1.161,-3.945,-7.929,-35.96,-2.384,270.8,296.8,268.8
"2021-03-03 19:30:00",375,0.382,52.64,0.547,98.2,0.04,1.332,-2.705,-7.698,-35.62,-2.544,270.6,296.3,268.4
"2021-03-03 19:35:00",376,0.542,51.77,0.87,98.2,0.034,1.009,-1.801,-7.632,-35.64,-2.551,270.6,296.4,268.4
"2021-03-03 19:40:00",377,0.71,51.16,1.192,98.2,0.02,1.834,-1.267,-7.718,-35.85,-2.448,270.7,296.8,268.6
"2021-03-03 19:45:00",378,0.768,51.19,1.738,98.2,0.018,1.92,-1.656,-7.659,-36.39,-2.233,270.9,297.8,269.1
"2021-03-03 19:50:00",379,0.796,51.42,1.887,98.2,0.016,1.504,-2.131,-7.956,-36.98,-1.997,271.2,298.6,269.5
"2021-03-03 19:55:00",380,0.612,52.89,2.162,98.2,0.011,0.976,-3.154,-8.09,-37.39,-1.848,271.3,299.1,269.8
"2021-03-03 20:00:00",381,0.443,53.94,2.12,98.2,0.024,1.075,-3.391,-7.983,-37.41,-1.784,271.4,299.5,270.1
"2021-03-03 20:05:00",382,0.222,53.81,1.597,98.2,0.035,0.567,-3.952,-8.12,-37.26,-1.924,271.2,298.7,269.6
"2021-03-03 20:10:00",383,0.337,53.13,1.705,98.2,0.029,0.937,-3.213,-8.15,-37.01,-1.985,271.2,298.4,269.5
"2021-03-03 20:15:00",384,0.047,56.07,1.515,98.2,0.027,0.561,-4.045,-8.34,-36.53,-2.14,271,297.5,269.3
"2021-03-03 20:20:00",385,-0.262,55.63,1.538,98.2,0.031,0.587,-3.853,-8.14,-35.62,-2.44,270.7,296.4,268.9
"2021-03-03 20:25:00",386,0.065,55.02,1.835,98.2,0.037,1.498,-2.547,-8.08,-35.39,-2.521,270.6,296.1,268.8
"2021-03-03 20:30:00",387,-0.044,54.65,1.608,98.2,0.036,1.141,-3.022,-7.997,-35.04,-2.609,270.5,295.8,268.7
"2021-03-03 20:35:00",388,-0.005,53.63,1.48,98.2,0.041,1.353,-2.712,-7.931,-34.63,-2.612,270.5,295.8,269.1
"2021-03-03 20:40:00",389,0.123,53.12,1.428,98.2,0.034,1.669,-2.309,-8.06,-34.56,-2.615,270.5,295.7,269.2
"2021-03-03 20:45:00",390,0.162,52.2,1.705,98.2,0.027,1.412,-1.966,-7.858,-34.64,-2.582,270.6,296,269.2
"2021-03-03 20:50:00",391,0.191,53.47,1.72,98.2,0.028,1.749,-2.382,-8.17,-34.64,-2.491,270.7,296.1,269.6
"2021-03-03 20:55:00",392,-0.138,53.91,1.18,98.2,0.008,1.148,-3.359,-8.51,-34.42,-2.58,270.6,295.4,269.5
"2021-03-03 21:00:00",393,-0.11,52.08,1.79,98.1,0.027,1.478,-2.587,-8.29,-34.15,-2.734,270.4,294.9,269
"2021-03-03 21:05:00",394,0.276,50.58,1.738,98.1,0.028,1.815,-1.439,-8.19,-34.6,-2.557,270.6,295.8,269.4
"2021-03-03 21:10:00",395,0.297,52.23,1.79,98.1,0.036,1.313,-1.986,-8.51,-34.98,-2.383,270.8,296.3,269.8
"2021-03-03 21:15:00",396,-0.134,54,1.993,98.1,0.038,0.495,-3.445,-8.31,-34.97,-2.416,270.7,296.3,269.6
"2021-03-03 21:20:00",397,-0.072,53.66,2.02,98.1,0.02,0.904,-2.963,-8,-34.61,-2.386,270.8,296.8,270.1
"2021-03-03 21:25:00",398,0.041,52.83,2.19,98.1,0.021,1.043,-2.646,-7.839,-34.11,-2.291,270.9,297.3,271.1
"2021-03-03 21:30:00",399,0.105,53.15,2.232,98.1,0.043,0.99,-2.705,-7.997,-33.47,-2.167,271,297.7,272.3
"2021-03-03 21:35:00",400,0.034,53.13,2.2,98.1,0.038,0.805,-2.798,-7.951,-32.87,-2.143,271,297.9,273
"2021-03-03 21:40:00",401,0.017,51.74,2.56,98.2,0.027,0.924,-2.686,-7.892,-32.14,-2.108,271,298.1,273.9
"2021-03-03 21:45:00",402,0.077,51.08,2.818,98.2,0.026,1.036,-2.475,-7.892,-31.36,-2.112,271,298.1,274.6
"2021-03-03 21:50:00",403,-0.083,53.76,2.542,98.2,0.032,0.699,-2.719,-7.727,-30.7,-2.07,271.1,298.5,275.5
"2021-03-03 21:55:00",404,-0.201,52.88,2.673,98.2,0.018,0.508,-2.831,-7.595,-29.94,-2.081,271.1,298.5,276.2
"2021-03-03 22:00:00",405,-0.125,53,2.703,98.2,0.04,0.759,-2.613,-7.536,-29.5,-2.136,271,298.3,276.4
"2021-03-03 22:05:00",406,-0.434,55.28,2.513,98.2,0.016,0.224,-3.167,-7.602,-29.04,-2.263,270.9,297.7,276.3
"2021-03-03 22:10:00",407,-0.421,53.74,2.548,98.2,0.028,0.521,-2.646,-7.311,-28.39,-2.432,270.7,297.2,276.1
"2021-03-03 22:15:00",408,-0.307,53.53,2.24,98.2,0.023,0.772,-2.131,-7.285,-27.89,-2.439,270.7,297.2,276.6
"2021-03-03 22:20:00",409,-0.492,56.18,1.903,98.2,0.028,0.436,-2.692,-7.49,-27.42,-2.475,270.7,296.9,276.9
"2021-03-03 22:25:00",410,-0.943,55.22,1.737,98.2,0.027,0.053,-3.108,-7.252,-26.64,-2.734,270.4,295.9,276.5
"2021-03-03 22:30:00",411,-0.472,53.97,2.103,98.2,0.008,1.326,-1.557,-6.968,-26.33,-2.797,270.4,295.9,276.6
"2021-03-03 22:35:00",412,-0.317,53.1,2.298,98.2,0.042,1.478,-1.577,-7.067,-26.33,-2.729,270.4,296.1,276.9
"2021-03-03 22:40:00",413,-0.369,56.68,1.985,98.1,0.033,1.392,-1.881,-7.291,-26.35,-2.672,270.5,296.2,277.1
"2021-03-03 22:45:00",414,-0.666,56.68,1.793,98.2,0.032,0.732,-2.455,-7.318,-26.24,-2.73,270.4,295.9,277
"2021-03-03 22:50:00",415,-0.61,54.23,2.02,98.1,0.024,1.168,-1.933,-7.001,-25.93,-2.776,270.4,296,277.1
"2021-03-03 22:55:00",416,-0.489,53.84,1.658,98.1,0.03,1.241,-1.841,-7.265,-26.03,-2.726,270.4,296,277.2
"2021-03-03 23:00:00",417,-0.453,52.71,1.518,98.1,0.02,1.175,-1.953,-7.542,-26.77,-2.741,270.4,295.6,276.4
"2021-03-03 23:05:00",418,-0.268,50.33,1.62,98.1,0.046,1.353,-1.333,-7.647,-27.9,-2.784,270.4,295.3,275.1
"2021-03-03 23:10:00",419,0.221,49.52,1.765,98.1,0.048,1.59,-0.838,-7.7,-28.81,-2.508,270.6,296.5,275.4
"2021-03-03 23:15:00",420,0.401,49.41,1.412,98.1,0.04,1.181,-1.439,-8.27,-29.68,-2.236,270.9,297.2,275.7
"2021-03-03 23:20:00",421,0.547,48.73,1.105,98.1,0.039,0.957,-1.544,-8.76,-30.6,-2.127,271,297.2,275.3
"2021-03-03 23:25:00",422,0.629,50.98,0.5,98.1,0.041,1.3,-2.072,-9.41,-30.69,-2.119,271,296.5,275.3
"2021-03-03 23:30:00",423,0.231,50.37,0.633,98.1,0.046,0.64,-2.956,-9.41,-30.35,-2.35,270.8,295.5,274.6
"2021-03-03 23:35:00",424,0.15,50.44,0.2,98.1,0.043,0.594,-2.725,-9.3,-30.14,-2.544,270.6,294.7,273.9
"2021-03-03 23:40:00",425,0.08,49.87,0.237,98.1,0.032,0.455,-1.656,-9.3,-30.19,-2.713,270.4,294,273.1
"2021-03-03 23:45:00",426,0.169,49.7,0.2,98.1,0.045,0.436,-1.386,-9.3,-30.68,-2.805,270.3,293.6,272.2
"2021-03-03 23:50:00",427,0.202,48.4,0.2,98.1,0.029,1.194,-1.109,-9.3,-30.56,-2.91,270.2,293.1,271.8
"2021-03-03 23:55:00",428,0.337,48.53,0.222,98.1,0.024,2.89,-0.825,-9.34,-29.85,-2.992,270.2,292.7,272.2
"2021-03-04 00:00:00",429,0.26,48.58,0.2,98.1,0.035,2.514,-1.181,-9.1,-29.14,-3.058,270.1,292.6,272.6
"2021-03-04 00:05:00",430,0.134,50.07,0.36,98.1,0.033,1.986,-1.095,-8.94,-29.22,-3.146,270,292.4,272.1
"2021-03-04 00:10:00",431,0.042,50.85,0.96,98.1,0.036,2.369,-1.267,-8.78,-29.77,-3.144,270,292.6,271.6
"2021-03-04 00:15:00",432,0.039,49.67,1.14,98.1,0.037,2.726,-1.326,-8.7,-30.51,-3.073,270.1,293,271.2
"2021-03-04 00:20:00",433,0.244,48.19,1.188,98.1,0.044,1.96,-0.924,-8.91,-31.06,-2.948,270.2,293.3,271.2
"2021-03-04 00:25:00",434,0.424,50.24,1.563,98.1,0.043,1.102,-0.686,-9.25,-31.81,-2.608,270.5,294.5,271.9
"2021-03-04 00:30:00",435,-0.223,52.24,1.855,98.1,0.033,0.647,-2.897,-9.25,-31.41,-2.572,270.6,294.7,272.5
"2021-03-04 00:35:00",436,-0.515,50.43,2.05,98.1,0.032,0.653,-3.036,-8.8,-30.58,-2.683,270.5,294.6,272.8
"2021-03-04 00:40:00",437,-0.177,48.82,2.455,98.1,0.03,1.848,-2.02,-8.33,-29.9,-2.621,270.5,295.4,273.8
"2021-03-04 00:45:00",438,0.151,48.88,1.715,98.1,0.026,1.346,-1.835,-8.84,-30.27,-2.372,270.8,296,274.5
"2021-03-04 00:50:00",439,0.262,47.7,1.402,98.1,0.029,0.964,-1.61,-9.18,-29.82,-2.239,270.9,296.2,275.6
"2021-03-04 00:55:00",440,0.351,47.88,1.388,98.1,0.031,0.389,-1.492,-9.31,-28.47,-2.192,271,296.3,277.2
"2021-03-04 01:00:00",441,0.208,50.05,1.04,98.1,0.02,-0.02,-2.119,-9.6,-27.36,-2.154,271,296.2,278.4
"2021-03-04 01:05:00",442,-0.171,49.6,1.073,98.1,0.031,0.436,-2.785,-9.53,-27.24,-2.357,270.8,295.4,277.6
"2021-03-04 01:10:00",443,-0.079,49.19,0.95,98.1,0.033,1.333,-2.429,-9.34,-27.96,-2.525,270.6,294.8,276.2
"2021-03-04 01:15:00",444,-0.041,48.92,0.382,98.1,0.018,1.399,-2.145,-9.31,-27.92,-2.678,270.5,294.1,275.5
"2021-03-04 01:20:00",445,-0.194,49.4,0.2,98.1,0.046,0.653,-2,-9.28,-26.97,-2.9,270.3,293.2,275.5
"2021-03-04 01:25:00",446,-0.291,48.89,0.633,98.1,0.027,0.092,-1.261,-8.96,-26.67,-3.034,270.1,292.9,275.2
"2021-03-04 01:30:00",447,-0.293,49.51,0.888,98.1,0.04,1.775,-1.346,-8.71,-25.93,-3.076,270.1,292.9,275.7
"2021-03-04 01:35:00",448,-0.159,49.7,0.71,98.1,0.046,2.218,-0.805,-8.57,-24.93,-3.028,270.1,293.3,276.9
"2021-03-04 01:40:00",449,-0.298,48.26,0.75,98.1,0.044,1.709,-1.241,-8.42,-23.72,-3.079,270.1,293.2,277.9
"2021-03-04 01:45:00",450,0.01,47.07,0.513,98.1,0.03,2.521,-0.356,-8.51,-23.4,-3.016,270.1,293.4,278.5
"2021-03-04 01:50:00",451,0.201,46.61,0.533,98.1,0.016,3.056,-0.099,-8.9,-25.94,-2.982,270.2,293.2,276.1
"2021-03-04 01:55:00",452,0.256,46.56,0.958,98.1,0.041,2.759,-0.733,-9.31,-27.9,-2.886,270.3,293.2,274.6
"2021-03-04 02:00:00",453,0.266,47.31,0.492,98.1,0.034,2.475,-1.195,-9.54,-29.44,-2.84,270.3,293.2,273.3
"2021-03-04 02:05:00",454,-0.023,48.52,0.732,98.1,0.038,0.851,-1.769,-9.7,-29.37,-2.916,270.2,292.7,273
"2021-03-04 02:10:00",455,-0.331,48.12,1.027,98.1,0.041,1.076,-2.251,-9.52,-28.56,-3.023,270.1,292.4,273.3
"2021-03-04 02:15:00",456,-0.196,51.31,0.925,98.1,0.03,1.769,-1.492,-9.3,-28.14,-3.001,270.1,292.7,273.8
"2021-03-04 02:20:00",457,-0.604,48.68,0.477,98.1,0.044,1.115,-2.482,-9.08,-27.36,-3.16,270,292.2,273.9
"2021-03-04 02:25:00",458,-0.328,47.98,0.43,98.1,0.04,1.696,-1.129,-9.13,-26.76,-3.308,269.8,291.5,273.9
"2021-03-04 02:30:00",459,-0.112,47.03,0.578,98.1,0.036,2.6,-0.271,-8.95,-26.92,-3.291,269.9,291.7,273.8
"2021-03-04 02:35:00",460,-0.015,48.84,0.887,98.1,0.049,2.521,-0.634,-8.92,-26.69,-3.146,270,292.4,274.7
"2021-03-04 02:40:00",461,-0.079,48.93,0.993,98.1,0.036,2.033,-0.746,-8.94,-26.04,-3.002,270.1,293.1,276
"2021-03-04 02:45:00",462,0.015,49.08,1.048,98.1,0.023,2.389,-0.686,-8.91,-25.54,-2.864,270.3,293.7,277.1
"2021-03-04 02:50:00",463,-0.049,50.12,0.97,98.1,0.029,2.277,-1.36,-8.92,-25.61,-2.784,270.4,294,277.4
"2021-03-04 02:55:00",464,-0.24,50.39,0.755,98.1,0.044,1.894,-1.729,-9.2,-26.58,-2.824,270.3,293.6,276.2
"2021-03-04 03:00:00",465,-0.339,50.73,0.542,98.1,0.031,1.789,-2.046,-9.31,-27.74,-2.9,270.2,293.1,274.7
"2021-03-04 03:05:00",466,-0.543,51.59,0.2,98.1,0.023,1.228,-2.653,-9.63,-28.29,-3.085,270.1,292,273.3
"2021-03-04 03:10:00",467,-0.732,50.74,0.2,98.1,0.04,1.069,-2.178,-9.47,-28.28,-3.33,269.8,291.1,272.2
"2021-03-04 03:15:00",468,-0.873,51.24,0.2,98.1,0.018,0.719,-2.152,-9.31,-27.45,-3.59,269.6,290.1,271.9
"2021-03-04 03:20:00",469,-1.021,51.55,0.2,98.1,0.039,0.62,-1.617,-8.98,-26.05,-3.82,269.3,289.4,272.3
"2021-03-04 03:25:00",470,-0.983,50.84,0.2,98.1,0.039,0.396,-0.733,-8.85,-25.56,-3.913,269.2,289.1,272.4
"2021-03-04 03:30:00",471,-0.685,49.38,0.237,98.1,0.039,0.832,0.185,-8.89,-25.89,-3.863,269.3,289.3,272.3
"2021-03-04 03:35:00",472,-0.552,49.02,0.582,98.1,0.021,1.921,-0.059,-8.82,-26.47,-3.774,269.4,289.7,272.1
"2021-03-04 03:40:00",473,-0.346,48.54,0.312,98.1,0.038,3.333,-0.297,-8.78,-27.4,-3.631,269.5,290.4,271.8
"2021-03-04 03:45:00",474,-0.44,50.43,0.2,98.1,0.048,2.468,-1.769,-9.34,-28.47,-3.629,269.5,289.9,270.7
"2021-03-04 03:50:00",475,-0.886,50.07,0.257,98.1,0.038,1.881,-2.053,-9.33,-28.85,-3.86,269.3,288.8,269.3
"2021-03-04 03:55:00",476,-0.479,46.26,0.658,98.1,0.038,3.214,-0.145,-9.29,-29.38,-3.841,269.3,289,268.9
"2021-03-04 04:00:00",477,-0.178,47.05,0.237,98.1,0.038,2.891,-0.356,-9.95,-29.72,-3.654,269.5,289.1,269.4
"2021-03-04 04:05:00",478,-0.553,48.36,0.2,98.1,0.038,1.657,-1.888,-10.01,-29.32,-3.789,269.4,288.5,269.2
"2021-03-04 04:10:00",479,-0.64,48.28,0.2,98.1,0.038,2.138,-0.7,-9.61,-29.19,-3.865,269.3,288.5,269
"2021-03-04 04:15:00",480,-0.762,48.87,0.2,98.1,0.038,1.34,-1.379,-9.77,-29.45,-3.996,269.2,287.8,268.1
"2021-03-04 04:20:00",481,-1.004,49.76,0.2,98.1,0.038,1.221,-1.544,-9.7,-29.15,-4.138,269,287.2,267.8
"2021-03-04 04:25:00",482,-1.193,50.98,0.2,98.1,0.038,0.964,-1.762,-9.56,-28.11,-4.318,268.8,286.6,268
"2021-03-04 04:30:00",483,-1.255,51.85,0.25,98.1,0.038,2.33,-0.832,-9.31,-27.52,-4.426,268.7,286.4,268.1
"2021-03-04 04:35:00",484,-1.179,50.56,0.43,98.1,0.038,2.422,-0.581,-8.97,-27.76,-4.389,268.8,286.9,268.1
"2021-03-04 04:40:00",485,-0.989,51.11,0.2,98.1,0.038,2.336,-0.238,-9.32,-28.27,-4.338,268.8,286.7,267.8
"2021-03-04 04:45:00",486,-0.967,49.65,0.52,98.1,0.038,2.798,-0.62,-9.34,-28.58,-4.314,268.8,286.8,267.6
"2021-03-04 04:50:00",487,-0.786,48.53,0.585,98.1,0.038,2.825,-0.363,-9.53,-28.71,-4.219,268.9,287.1,267.9
"2021-03-04 04:55:00",488,-0.732,48.45,2.398,98.1,0.038,3.267,-0.389,-9.07,-29.26,-3.926,269.2,288.8,268.6
"2021-03-04 05:00:00",489,-0.557,46.02,2.128,98.1,0.038,2.924,-0.851,-9.42,-29.96,-3.512,269.6,290.3,269.8
"2021-03-04 05:05:00",490,-0.347,43.17,1.675,98.1,0.038,2.759,-1.426,-9.92,-30.83,-3.22,269.9,291.1,270.2
"2021-03-04 05:10:00",491,-0.38,46.71,0.89,98.1,0.038,1.478,-2.271,-10.61,-31.69,-3.144,270,290.7,269.7
"2021-03-04 05:15:00",492,-1.089,52.01,1.575,98.1,0.038,0.046,-3.34,-10.51,-31.25,-3.322,269.8,290.1,269.3
"2021-03-04 05:20:00",493,-1.663,49.71,1.955,98.1,0.038,0.165,-3.458,-9.46,-29.3,-3.601,269.5,289.9,270
"2021-03-04 05:25:00",494,-1.471,49.7,1.268,98.1,0.038,1.109,-2.449,-9.34,-27.73,-3.741,269.4,289.4,271
"2021-03-04 05:30:00",495,-1.414,49.82,1.058,98.1,0.038,0.937,-1.96,-9.58,-27.03,-3.832,269.3,288.7,271.3
"2021-03-04 05:35:00",496,-1.461,46.99,0.51,98.1,0.038,1.32,-1.657,-9.44,-24.84,-3.915,269.2,288.5,273.1
"2021-03-04 05:40:00",497,-1.366,48.54,0.2,98.1,0.038,1.742,-1.089,-9.06,-23.31,-4.091,269.1,288.1,273.8
"2021-03-04 05:45:00",498,-1.331,45.06,0.51,98.1,0.038,0.997,-0.581,-8.87,-23.06,-4.129,269,288.1,273.9
"2021-03-04 05:50:00",499,-0.984,45.42,0.215,98.1,0.038,1.241,0.601,-8.65,-19.05,-4.014,269.1,288.8,278.4
"2021-03-04 05:55:00",500,-0.843,44.89,0.795,98.1,0.038,2.178,0.62,-8.25,-18,-3.872,269.3,289.9,280.1
"2021-03-04 06:00:00",501,-0.647,45.16,1.02,98.1,0.038,3.267,0.607,-8.27,-18.7,-3.642,269.5,290.9,280.4
"2021-03-04 06:05:00",502,-0.432,45.01,1.323,98.1,0.038,2.818,0.587,-8.27,-19.13,-3.35,269.8,292.2,281.3
"2021-03-04 06:10:00",503,-0.285,45.9,1.292,98.1,0.038,2.462,0.284,-8.45,-18.37,-3.076,270.1,293.2,283.3
"2021-03-04 06:15:00",504,-0.123,45.18,1.733,98.1,0.038,2.31,0.257,-8.12,-16.18,-2.784,270.4,294.8,286.8
"2021-03-04 06:20:00",505,0.061,45.39,1.798,98.1,0.038,2.112,-0.092,-8.28,-17.85,-2.471,270.7,296.1,286.5
"2021-03-04 06:25:00",506,0.045,45.9,1.715,98.1,0.038,1.676,-0.818,-8.78,-21.78,-2.286,270.9,296.4,283.4
"2021-03-04 06:30:00",507,0.024,44.25,1.488,98.1,0.038,1.287,-1.551,-9.2,-23.38,-2.247,270.9,296.2,282
"2021-03-04 06:35:00",508,0.031,44.16,1.418,98.1,0.038,1.181,-1.426,-9.31,-23.42,-2.218,270.9,296.2,282.1
"2021-03-04 06:40:00",509,0.043,43.64,1.368,98.1,0.04,1.267,-1.591,-9.55,-24.92,-2.181,271,296.1,280.8
"2021-03-04 06:45:00",510,0.025,42.28,1.338,98.1,0.031,1.221,-1.782,-9.77,-26.21,-2.223,270.9,295.7,279.3
"2021-03-04 06:50:00",511,0.084,41.65,1.312,98.1,0.016,1.274,-1.848,-10.11,-27.55,-2.264,270.9,295.2,277.7
"2021-03-04 06:55:00",512,0.072,41.76,1.162,98.1,0.037,1.703,-1.584,-10.23,-27.77,-2.338,270.8,294.7,277.2
"2021-03-04 07:00:00",513,-0.001,42.09,1.113,98.1,0.041,1.921,-0.693,-10.3,-27.44,-2.402,270.7,294.4,277.2
"2021-03-04 07:05:00",514,-0.033,41,1.1,98.1,0.047,2.211,0.937,-10.38,-26.42,-2.475,270.7,294,277.9
"2021-03-04 07:10:00",515,-0.018,41.75,0.97,98.1,0.038,3.267,3.241,-10.49,-27.25,-2.52,270.6,293.7,276.9
"2021-03-04 07:15:00",516,-0.148,40.05,1.015,98.1,0.043,4.917,7.365,-10.49,-28.8,-2.551,270.6,293.5,275.2
"2021-03-04 07:20:00",517,0.142,37.91,0.855,98.1,0.035,7.233,12.54,-10.82,-28.89,-2.521,270.6,293.3,275.3
"2021-03-04 07:25:00",518,0.257,37.38,0.75,98.1,0.036,8.97,16.13,-11.07,-28.72,-2.46,270.7,293.3,275.7
"2021-03-04 07:30:00",519,0.315,37.94,0.76,98.1,0.02,11.48,21.15,-11.29,-28.94,-2.367,270.8,293.6,275.9
"2021-03-04 07:35:00",520,0.237,38.11,0.392,98.1,0.04,15.28,28.87,-11.29,-29.73,-2.35,270.8,293.6,275.2
"2021-03-04 07:40:00",521,0.228,39.04,0.31,98.1,0.046,20.57,39.7,-11.3,-29.14,-2.364,270.8,293.6,275.7
"2021-03-04 07:45:00",522,0.056,42.59,0.465,98.1,0.029,25.67,49.99,-10.97,-27.75,-2.442,270.7,293.5,276.7
"2021-03-04 07:50:00",523,-0.522,45.46,1.175,98.1,0.037,32,63.28,-10.36,-27.26,-2.498,270.7,293.9,277
"2021-03-04 07:55:00",524,-0.796,44.93,1.293,98.1,0.043,39.43,77.07,-9.73,-26.02,-2.519,270.6,294.4,278.1
"2021-03-04 08:00:00",525,-0.638,45.21,0.82,98.1,0.034,50.26,98.2,-9.21,-24.58,-2.387,270.8,295.5,280.2
"2021-03-04 08:05:00",526,-0.58,44.37,0.2,98.1,0.05,61.93,122.8,-8.64,-22.25,-2.214,270.9,296.9,283.3
"2021-03-04 08:10:00",527,-0.242,42.37,0.2,98.1,0.038,75.92,150.9,-8.05,-20.6,-1.948,271.2,298.7,286.1
"2021-03-04 08:15:00",528,0.291,39.42,0.2,98.1,0.028,94,189,-7.695,-20.01,-1.491,271.7,301.1,288.8
"2021-03-04 08:20:00",529,1.098,36.7,0.2,98.1,0.035,106.7,216.2,-7.326,-19.21,-0.854,272.3,304.4,292.5
"2021-03-04 08:25:00",530,1.655,36.7,0.222,98.2,0.024,110.2,223.9,-7.596,-20.14,-0.177,273,307.2,294.7
"2021-03-04 08:30:00",531,1.154,39.8,0.33,98.2,0.029,100.9,205.2,-8.2,-20.29,0.262,273.4,308.6,296.6
"2021-03-04 08:35:00",532,1.186,36.25,0.2,98.2,0.041,77.99,154.5,-8.38,-19.25,0.561,273.7,309.9,299
"2021-03-04 08:40:00",533,1.462,39.37,0.2,98.2,0.028,68.74,135,-8.51,-17.66,0.745,273.9,310.6,301.4
"2021-03-04 08:45:00",534,1.367,42.28,0.473,98.2,0.028,66.33,130.8,-8.7,-17.57,0.838,274,310.8,302
"2021-03-04 08:50:00",535,0.361,44.08,0.295,98.2,0.031,68.21,133.9,-8.32,-16.16,0.608,273.8,310.1,302.3
"2021-03-04 08:55:00",536,0.338,47.28,0.2,98.2,0.04,69.87,137.4,-7.626,-16.29,0.542,273.7,310.5,301.9
"2021-03-04 09:00:00",537,0.617,49.23,0.68,98.2,0.033,73.35,147.1,-7.415,-18.17,0.547,273.7,310.8,300
"2021-03-04 09:05:00",538,0.714,45.13,1.085,98.1,0.031,84,169.1,-7.302,-18.83,0.494,273.6,310.6,299.1
"2021-03-04 09:10:00",539,0.956,43.46,1.278,98.1,0.03,88.2,176.2,-6.992,-16.99,0.534,273.7,311.1,301.1
"2021-03-04 09:15:00",540,1.106,44.93,1.478,98.1,0.038,99.7,198.4,-7.11,-17.29,0.64,273.8,311.5,301.3
"2021-03-04 09:20:00",541,1.263,42.56,1.692,98.1,0.016,128.6,258,-7.064,-20.29,0.853,274,312.5,299.3
